26 300000000
300000000 1000
300000000 1000
300000000 1000
300000000 1000
300000000 1000
300000000 1000
300000000 1000
300000000 1000
300000000 1000
300000000 1000
300000000 1000
300000000 1000
300000000 1000
300000000 1000
300000000 1000
300000000 1000
300000000 1000
300000000 1000
300000000 1000
300000000 1000
300000000 1000
300000000 1000
300000000 1000
300000000 1000
300000000 1000
300000000 1000
300000000 1000
300000000 1000
300000000 1000
300000000 1000
300000000 1000
300000000 1000
300000000 1000
300000000 1000
300000000 1000
300000000 1000
300000000 1000
300000000 1000
300000000 1000
300000000 1000
300000000 1000
300000000 1000
300000000 1000
300000000 1000
5 1000
5 1000
5 1000
5 1000
5 1000
5 1000
5 1000
5 1000
5 1000
5 1000
5 1000
5 1000
5 1000
5 1000
5 1000
5 1000
5 1
5 1000
5 1000
4 1
5 1000
5 1000
5 1000
5 1000
5 1000
5 1000
5 3
5 1000
5 1000
5 5
5 1000
5 7
5 1000
5 1
5 1000
5 1000
5 1000
5 1
5 1000
5 1000
5 1000
5 1000
5 1000
5 1000
5 1000
5 1000
5 1000
5 1000
5 1000
5 1000
5 1000
5 1000
5 1000
5 1000
5 1000
5 1000
5 1000
5 1000
5 1000
5 1000
5 1000
5 1000
5 1000
5 1000
5 1000
5 1000
5 1
5 1000
5 1000
5 1000
5 1
5 1000
5 1000
5 1000
5 1000
5 1000
5 1000
5 1000
5 1000
5 1000
5 1000
5 1000
5 1000
5 1000
5 1000
5 1000
5 1000
